"","date_use","total_cases","new_case","avg_cases","total_deaths","new_deaths","avg_deaths"
"1",2020-08-17,212062,71,988,5034,5,18
"2",2020-08-16,211991,275,1261,5029,14,22
"3",2020-08-15,211716,867,1313,5015,19,25
"4",2020-08-14,210849,1176,1369,4996,16,26
"5",2020-08-13,209673,1378,1460,4980,14,27
"6",2020-08-12,208295,1599,1523,4966,16,30
"7",2020-08-11,206696,1548,1579,4950,39,32
"8",2020-08-10,205148,1981,1668,4911,38,32
"9",2020-08-09,203167,639,1693,4873,33,32
"10",2020-08-08,202528,1265,1703,4840,23,32
"11",2020-08-07,201263,1810,1753,4817,28,35
"12",2020-08-06,199453,1819,1795,4789,30,36
"13",2020-08-05,197634,1994,1859,4759,34,37
"14",2020-08-04,195640,2171,1906,4725,40,38
"15",2020-08-03,193469,2155,1964,4685,35,36
"16",2020-08-02,191314,708,2029,4650,36,37
"17",2020-08-01,190606,1613,2040,4614,44,37
"18",2020-07-31,188993,2104,2095,4570,35,38
"19",2020-07-30,186889,2268,2148,4535,38,39
"20",2020-07-29,184621,2321,2168,4497,36,39
"21",2020-07-28,182300,2578,2250,4461,28,41
"22",2020-07-27,179722,2611,2317,4433,42,43
"23",2020-07-26,177111,787,2414,4391,39,43
"24",2020-07-25,176324,1996,2452,4352,47,42
"25",2020-07-24,174328,2475,2499,4305,42,40
"26",2020-07-23,171853,2408,2608,4263,38,40
"27",2020-07-22,169445,2894,2745,4225,49,40
"28",2020-07-21,166551,3048,2753,4176,47,38
"29",2020-07-20,163503,3289,2797,4129,41,38
"30",2020-07-19,160214,1052,2823,4088,33,40
"31",2020-07-18,159162,2328,2846,4055,32,39
"32",2020-07-17,156834,3238,2864,4023,38,39
"33",2020-07-16,153596,3364,2855,3985,42,39
"34",2020-07-15,150232,2950,2840,3943,32,38
"35",2020-07-14,147282,3358,2901,3911,46,39
"36",2020-07-13,143924,3468,2909,3865,56,37
"37",2020-07-12,140456,1216,2797,3809,28,35
"38",2020-07-11,139240,2457,2794,3781,32,36
"39",2020-07-10,136783,3173,2575,3749,40,35
"40",2020-07-09,133610,3261,2337,3709,33,34
"41",2020-07-08,130349,3371,2335,3676,38,35
"42",2020-07-07,126978,3419,2338,3638,34,34
"43",2020-07-06,123559,2679,2283,3604,37,34
"44",2020-07-05,120880,1200,2314,3567,37,33
"45",2020-07-04,119680,921,2296,3530,29,33
"46",2020-07-03,118759,1505,2456,3501,33,33
"47",2020-07-02,117254,3250,2647,3468,40,32
"48",2020-07-01,114004,3391,2602,3428,28,30
"49",2020-06-30,110613,3034,2498,3400,34,32
"50",2020-06-29,107579,2900,2427,3366,32,30
"51",2020-06-28,104679,1069,2367,3334,37,29
"52",2020-06-27,103610,2042,2360,3297,24,29
"53",2020-06-26,101568,2843,2314,3273,31,31
"54",2020-06-25,98725,2934,2195,3242,27,31
"55",2020-06-24,95791,2663,2085,3215,37,31
"56",2020-06-23,93128,2535,2017,3178,21,32
"57",2020-06-22,90593,2486,1927,3157,29,32
"58",2020-06-21,88107,1016,1867,3128,32,32
"59",2020-06-20,87091,1721,1814,3096,38,32
"60",2020-06-19,85370,2012,1738,3058,34,30
"61",2020-06-18,83358,2161,1652,3024,27,30
"62",2020-06-17,81197,2187,1533,2997,40,30
"63",2020-06-16,79010,1909,1418,2957,24,28
"64",2020-06-15,77101,2061,1325,2933,32,29
"65",2020-06-14,75040,650,1233,2901,29,30
"66",2020-06-13,74390,1189,1221,2872,27,31
"67",2020-06-12,73201,1410,1200,2845,31,32
"68",2020-06-11,71791,1326,1195,2814,25,33
"69",2020-06-10,70465,1378,1226,2789,26,36
"70",2020-06-09,69087,1264,1214,2763,36,39
"71",2020-06-08,67823,1414,1221,2727,36,38
"72",2020-06-07,66409,563,1176,2691,35,38
"73",2020-06-06,65846,1047,1164,2656,35,37
"74",2020-06-05,64799,1375,1143,2621,39,37
"75",2020-06-04,63424,1542,1142,2582,45,36
"76",2020-06-03,61882,1294,1107,2537,45,35
"77",2020-06-02,60588,1311,1110,2492,30,35
"78",2020-06-01,59277,1100,1143,2462,35,36
"79",2020-05-31,58177,482,1099,2427,30,35
"80",2020-05-30,57695,895,1104,2397,37,36
"81",2020-05-29,56800,1371,1085,2360,33,36
"82",2020-05-28,55429,1298,1028,2327,32,37
"83",2020-05-27,54131,1312,980,2295,45,37
"84",2020-05-26,52819,1540,959,2250,41,34
"85",2020-05-25,51279,798,880,2209,28,35
"86",2020-05-24,50481,513,927,2181,37,37
"87",2020-05-23,49968,760,930,2144,35,37
"88",2020-05-22,49208,973,930,2109,43,40
"89",2020-05-21,48235,966,966,2066,28,40
"90",2020-05-20,47269,1162,1005,2038,28,40
"91",2020-05-19,46107,988,971,2010,47,42
"92",2020-05-18,45119,1126,985,1963,44,42
"93",2020-05-17,43993,532,992,1919,37,40
"94",2020-05-16,43461,765,999,1882,53,39
"95",2020-05-15,42696,1221,990,1829,41,38
"96",2020-05-14,41475,1239,959,1788,32,39
"97",2020-05-13,40236,925,917,1756,40,42
"98",2020-05-12,39311,1087,928,1716,48,44
"99",2020-05-11,38224,1172,952,1668,28,42
"100",2020-05-10,37052,582,915,1640,31,44
"101",2020-05-09,36470,705,897,1609,48,46
"102",2020-05-08,35765,1004,897,1561,49,46
"103",2020-05-07,34761,947,885,1512,50,44
"104",2020-05-06,33814,997,881,1462,53,44
"105",2020-05-05,32817,1254,879,1409,36,42
"106",2020-05-04,31563,913,839,1373,43,45
"107",2020-05-03,30650,459,863,1330,44,44
"108",2020-05-02,30191,708,884,1286,49,43
"109",2020-05-01,29483,920,911,1237,36,42
"110",2020-04-30,28563,913,924,1201,45,43
"111",2020-04-29,27650,989,932,1156,42,44
"112",2020-04-28,26661,971,902,1114,54,45
"113",2020-04-27,25690,1081,889,1060,37,43
"114",2020-04-26,24609,605,868,1023,41,44
"115",2020-04-25,24004,901,850,982,40,43
"116",2020-04-24,23103,1006,808,942,44,43
"117",2020-04-23,22097,970,783,898,50,42
"118",2020-04-22,21127,779,754,848,47,44
"119",2020-04-21,20348,882,764,801,40,42
"120",2020-04-20,19466,936,733,761,47,43
"121",2020-04-19,18530,475,695,714,36,42
"122",2020-04-18,18055,608,688,678,38,42
"123",2020-04-17,17447,834,670,640,39,41
"124",2020-04-16,16613,761,633,601,58,40
"125",2020-04-15,15852,851,607,543,35,37
"126",2020-04-14,15001,666,572,508,47,37
"127",2020-04-13,14335,671,576,461,42,34
"128",2020-04-12,13664,427,555,419,37,31
"129",2020-04-11,13237,480,579,382,30,29
"130",2020-04-10,12757,577,595,352,30,27
"131",2020-04-09,12180,576,625,322,35,27
"132",2020-04-08,11604,604,630,287,39,25
"133",2020-04-07,11000,697,632,248,26,22
"134",2020-04-06,10303,526,624,222,17,21
"135",2020-04-05,9777,593,637,205,23,20
"136",2020-04-04,9184,589,605,182,21,19
"137",2020-04-03,8595,791,577,161,26,17
"138",2020-04-02,7804,609,517,135,22,14
"139",2020-04-01,7195,617,483,113,19,12
"140",2020-03-31,6578,643,457,94,16,10
"141",2020-03-30,5935,617,405,78,11,8
"142",2020-03-29,5318,370,358,67,15,8
"143",2020-03-28,4948,392,341,52,8,6
"144",2020-03-27,4556,369,312,44,9,5
"145",2020-03-26,4187,371,295,35,4,4
"146",2020-03-25,3816,436,273,31,7,4
"147",2020-03-24,3380,281,237,24,3,3
"148",2020-03-23,3099,287,227,21,7,3
"149",2020-03-22,2812,251,217,14,4,2
"150",2020-03-21,2561,192,205,10,3,1
"151",2020-03-20,2369,249,198,7,3,1
"152",2020-03-19,2120,217,184,4,4,1
"153",2020-03-18,1903,185,176,0,0,0
"154",2020-03-17,1718,207,168,0,0,0
"155",2020-03-16,1511,220,152,0,0,0
"156",2020-03-15,1291,168,133,0,0,0
"157",2020-03-14,1123,143,116,0,0,0
"158",2020-03-13,980,149,101,0,0,0
"159",2020-03-12,831,158,86,0,0,0
"160",2020-03-11,673,132,68,0,0,0
"161",2020-03-10,541,96,52,0,0,0
"162",2020-03-09,445,86,40,0,0,0
"163",2020-03-08,359,46,30,0,0,0
"164",2020-03-07,313,41,27,0,0,0
"165",2020-03-06,272,42,NA,0,0,NA
"166",2020-03-05,230,33,NA,0,0,NA
"167",2020-03-04,197,18,NA,0,0,NA
"168",2020-03-03,179,13,NA,0,0,NA
"169",2020-03-02,166,18,NA,0,0,NA
"170",2020-03-01,148,25,NA,0,0,NA
