"","date_use","cumulative_persons_tested_all","cumulative_positive_persons_all","percent_positive_persons_cum","persons_tested_all","positive_persons_all","percent_positive_persons","avg_persons_tested_all","avg_positive_persons_all","percent_positive_persons_cum_avg"
"1",2020-08-22,2168206,223796,"10.3%",14,8,"57.1%",9314,1045,"11.2%"
"2",2020-08-21,2168192,223788,"10.3%",2833,352,"12.4%",11082,1252,"11.3%"
"3",2020-08-20,2165359,223436,"10.3%",10437,1348,"12.9%",13237,1459,"11%"
"4",2020-08-19,2154922,222088,"10.3%",14070,1599,"11.4%",14635,1565,"10.7%"
"5",2020-08-18,2140852,220489,"10.3%",16292,1758,"10.8%",15455,1635,"10.6%"
"6",2020-08-17,2124560,218731,"10.3%",12887,1338,"10.4%",16118,1698,"10.5%"
"7",2020-08-16,2111673,217393,"10.3%",8666,910,"10.5%",16138,1722,"10.7%"
"8",2020-08-15,2103007,216483,"10.3%",12392,1457,"11.8%",16697,1810,"10.8%"
"9",2020-08-14,2090615,215026,"10.3%",17913,1803,"10.1%",16998,1861,"10.9%"
"10",2020-08-13,2072702,213223,"10.3%",20224,2091,"10.3%",17549,1955,"11.1%"
"11",2020-08-12,2052478,211132,"10.3%",19811,2089,"10.5%",17696,1992,"11.3%"
"12",2020-08-11,2032667,209043,"10.3%",20931,2197,"10.5%",18072,2062,"11.4%"
"13",2020-08-10,2011736,206846,"10.3%",13027,1505,"11.6%",18115,2136,"11.8%"
"14",2020-08-09,1998709,205341,"10.3%",12579,1525,"12.1%",18128,2137,"11.8%"
"15",2020-08-08,1986130,203816,"10.3%",14499,1815,"12.5%",18316,2166,"11.8%"
"16",2020-08-07,1971631,202001,"10.2%",21771,2460,"11.3%",18747,2210,"11.8%"
"17",2020-08-06,1949860,199541,"10.2%",21257,2351,"11.1%",18881,2223,"11.8%"
"18",2020-08-05,1928603,197190,"10.2%",22437,2579,"11.5%",19232,2287,"11.9%"
"19",2020-08-04,1906166,194611,"10.2%",21235,2719,"12.8%",20196,2289,"11.3%"
"20",2020-08-03,1884931,191892,"10.2%",13119,1513,"11.5%",21722,2354,"10.8%"
"21",2020-08-02,1871812,190379,"10.2%",13892,1728,"12.4%",22048,2375,"10.8%"
"22",2020-08-01,1857920,188651,"10.2%",17519,2119,"12.1%",22616,2384,"10.5%"
"23",2020-07-31,1840401,186532,"10.1%",22708,2554,"11.2%",21815,2323,"10.6%"
"24",2020-07-30,1817693,183978,"10.1%",23714,2800,"11.8%",21033,2298,"10.9%"
"25",2020-07-29,1793979,181178,"10.1%",29187,2591,"8.9%",20790,2338,"11.2%"
"26",2020-07-28,1764792,178587,"10.1%",31918,3170,"9.9%",20113,2400,"11.9%"
"27",2020-07-27,1732874,175417,"10.1%",15397,1665,"10.8%",18980,2412,"12.7%"
"28",2020-07-26,1717477,173752,"10.1%",17869,1787,"10%",19011,2457,"12.9%"
"29",2020-07-25,1699608,171965,"10.1%",11912,1692,"14.2%",18692,2455,"13.1%"
"30",2020-07-24,1687696,170273,"10.1%",17231,2384,"13.8%",19769,2537,"12.8%"
"31",2020-07-23,1670465,167889,"10.1%",22019,3080,"14%",21032,2618,"12.4%"
"32",2020-07-22,1648446,164809,"10%",24448,3022,"12.4%",21857,2639,"12.1%"
"33",2020-07-21,1623998,161787,"10%",23982,3256,"13.6%",21886,2653,"12.1%"
"34",2020-07-20,1600016,158531,"9.9%",15618,1979,"12.7%",22442,2692,"12%"
"35",2020-07-19,1584398,156552,"9.9%",15634,1775,"11.4%",22606,2751,"12.2%"
"36",2020-07-18,1568764,154777,"9.9%",19451,2262,"11.6%",22617,2790,"12.3%"
"37",2020-07-17,1549313,152515,"9.8%",26070,2954,"11.3%",22817,2863,"12.5%"
"38",2020-07-16,1523243,149561,"9.8%",27793,3228,"11.6%",22871,2912,"12.7%"
"39",2020-07-15,1495450,146333,"9.8%",24653,3117,"12.6%",22692,2940,"13%"
"40",2020-07-14,1470797,143216,"9.7%",27872,3528,"12.7%",22217,2914,"13.1%"
"41",2020-07-13,1442925,139688,"9.7%",16769,2390,"14.3%",21947,2899,"13.2%"
"42",2020-07-12,1426156,137298,"9.6%",15709,2054,"13.1%",22324,2931,"13.1%"
"43",2020-07-11,1410447,135244,"9.6%",20851,2773,"13.3%",20975,2784,"13.3%"
"44",2020-07-10,1389596,132471,"9.5%",26450,3295,"12.5%",18873,2541,"13.5%"
"45",2020-07-09,1363146,129176,"9.5%",26540,3425,"12.9%",16936,2317,"13.7%"
"46",2020-07-08,1336606,125751,"9.4%",21330,2934,"13.8%",17350,2361,"13.6%"
"47",2020-07-07,1315276,122817,"9.3%",25980,3424,"13.2%",18262,2466,"13.5%"
"48",2020-07-06,1289296,119393,"9.3%",19410,2612,"13.5%",18295,2445,"13.4%"
"49",2020-07-05,1269886,116781,"9.2%",6265,1023,"16.3%",18990,2462,"13%"
"50",2020-07-04,1263621,115758,"9.2%",6133,1075,"17.5%",19191,2460,"12.8%"
"51",2020-07-03,1257488,114683,"9.1%",12895,1726,"13.4%",21140,2615,"12.4%"
"52",2020-07-02,1244593,112957,"9.1%",29436,3731,"12.7%",23094,2790,"12.1%"
"53",2020-07-01,1215157,109226,"9%",27712,3671,"13.2%",22466,2689,"12%"
"54",2020-06-30,1187445,105555,"8.9%",26213,3280,"12.5%",21663,2551,"11.8%"
"55",2020-06-29,1161232,102275,"8.8%",24273,2726,"11.2%",21035,2469,"11.7%"
"56",2020-06-28,1136959,99549,"8.8%",7674,1014,"13.2%",20196,2377,"11.8%"
"57",2020-06-27,1129285,98535,"8.7%",19776,2158,"10.9%",20110,2371,"11.8%"
"58",2020-06-26,1109509,96377,"8.7%",26573,2950,"11.1%",19034,2297,"12.1%"
"59",2020-06-25,1082936,93427,"8.6%",25042,3023,"12.1%",17743,2167,"12.2%"
"60",2020-06-24,1057894,90404,"8.5%",22093,2707,"12.3%",16531,2030,"12.3%"
"61",2020-06-23,1035801,87697,"8.5%",21814,2705,"12.4%",15893,1948,"12.3%"
"62",2020-06-22,1013987,84992,"8.4%",18397,2084,"11.3%",15201,1819,"12%"
"63",2020-06-21,995590,82908,"8.3%",7074,971,"13.7%",15017,1765,"11.8%"
"64",2020-06-20,988516,81937,"8.3%",12242,1639,"13.4%",14987,1726,"11.5%"
"65",2020-06-19,976274,80298,"8.2%",17538,2042,"11.6%",14964,1656,"11.1%"
"66",2020-06-18,958736,78256,"8.2%",16558,2065,"12.5%",14945,1567,"10.5%"
"67",2020-06-17,942178,76191,"8.1%",17626,2129,"12.1%",14976,1494,"10%"
"68",2020-06-16,924552,74062,"8%",16971,1802,"10.6%",15057,1405,"9.3%"
"69",2020-06-15,907581,72260,"8%",17108,1708,"10%",15475,1343,"8.7%"
"70",2020-06-14,890473,70552,"7.9%",6865,695,"10.1%",15440,1302,"8.4%"
"71",2020-06-13,883608,69857,"7.9%",12083,1149,"9.5%",15444,1282,"8.3%"
"72",2020-06-12,871525,68708,"7.9%",17407,1424,"8.2%",15901,1274,"8%"
"73",2020-06-11,854118,67284,"7.9%",16772,1553,"9.3%",15953,1256,"7.9%"
"74",2020-06-10,837346,65731,"7.8%",18191,1501,"8.3%",15834,1226,"7.7%"
"75",2020-06-09,819155,64230,"7.8%",19896,1370,"6.9%",15363,1197,"7.8%"
"76",2020-06-08,799259,62860,"7.9%",16864,1421,"8.4%",14488,1185,"8.2%"
"77",2020-06-07,782395,61439,"7.9%",6895,553,"8%",13748,1121,"8.2%"
"78",2020-06-06,775500,60886,"7.9%",15279,1098,"7.2%",13512,1093,"8.1%"
"79",2020-06-05,760221,59788,"7.9%",17776,1296,"7.3%",13221,1063,"8%"
"80",2020-06-04,742445,58492,"7.9%",15938,1342,"8.4%",13194,1064,"8.1%"
"81",2020-06-03,726507,57150,"7.9%",14893,1297,"8.7%",13443,1070,"8%"
"82",2020-06-02,711614,55853,"7.8%",13770,1287,"9.3%",14063,1090,"7.8%"
"83",2020-06-01,697844,54566,"7.8%",11685,971,"8.3%",14584,1119,"7.7%"
"84",2020-05-31,686159,53595,"7.8%",5244,362,"6.9%",13497,1049,"7.8%"
"85",2020-05-30,680915,53233,"7.8%",13238,886,"6.7%",13391,1052,"7.9%"
"86",2020-05-29,667677,52347,"7.8%",17591,1305,"7.4%",13428,1023,"7.6%"
"87",2020-05-28,650086,51042,"7.9%",17680,1382,"7.8%",13525,969,"7.2%"
"88",2020-05-27,632406,49660,"7.9%",19230,1437,"7.5%",14629,972,"6.6%"
"89",2020-05-26,613176,48223,"7.9%",17419,1493,"8.6%",14377,914,"6.4%"
"90",2020-05-25,595757,46730,"7.8%",4078,476,"11.7%",14529,867,"6%"
"91",2020-05-24,591679,46254,"7.8%",4498,382,"8.5%",15605,910,"5.8%"
"92",2020-05-23,587181,45872,"7.8%",13500,686,"5.1%",16253,911,"5.6%"
"93",2020-05-22,573681,45186,"7.9%",18273,927,"5.1%",16000,919,"5.7%"
"94",2020-05-21,555408,44259,"8%",25404,1406,"5.5%",16333,990,"6.1%"
"95",2020-05-20,530004,42853,"8.1%",17468,1030,"5.9%",15467,993,"6.4%"
"96",2020-05-19,512536,41823,"8.2%",18479,1161,"6.3%",15765,1002,"6.4%"
"97",2020-05-18,494057,40662,"8.2%",11611,780,"6.7%",15965,989,"6.2%"
"98",2020-05-17,482446,39882,"8.3%",9039,384,"4.2%",16683,1014,"6.1%"
"99",2020-05-16,473407,39498,"8.3%",11725,747,"6.4%",16098,1009,"6.3%"
"100",2020-05-15,461682,38751,"8.4%",20606,1421,"6.9%",16346,1014,"6.2%"
"101",2020-05-14,441076,37330,"8.5%",19339,1430,"7.4%",15885,941,"5.9%"
"102",2020-05-13,421737,35900,"8.5%",19559,1091,"5.6%",15864,873,"5.5%"
"103",2020-05-12,402178,34809,"8.7%",19876,1072,"5.4%",16027,872,"5.4%"
"104",2020-05-11,382302,33737,"8.8%",16635,953,"5.7%",15772,884,"5.6%"
"105",2020-05-10,365667,32784,"9%",4947,348,"7%",15786,856,"5.4%"
"106",2020-05-09,360720,32436,"9%",13458,783,"5.8%",15917,862,"5.4%"
"107",2020-05-08,347262,31653,"9.1%",17379,912,"5.2%",16035,856,"5.3%"
"108",2020-05-07,329883,30741,"9.3%",19193,950,"4.9%",16098,856,"5.3%"
"109",2020-05-06,310690,29791,"9.6%",20699,1086,"5.2%",15833,852,"5.4%"
"110",2020-05-05,289991,28705,"9.9%",18094,1156,"6.4%",14523,837,"5.8%"
"111",2020-05-04,271897,27549,"10.1%",16735,759,"4.5%",13545,806,"6%"
"112",2020-05-03,255162,26790,"10.5%",5861,390,"6.7%",12641,839,"6.6%"
"113",2020-05-02,249301,26400,"10.6%",14287,739,"5.2%",12355,842,"6.8%"
"114",2020-05-01,235014,25661,"10.9%",17820,910,"5.1%",11638,873,"7.5%"
"115",2020-04-30,217194,24751,"11.4%",17332,927,"5.3%",10368,900,"8.7%"
"116",2020-04-29,199862,23824,"11.9%",11535,976,"8.5%",8792,895,"10.2%"
"117",2020-04-28,188327,22848,"12.1%",11248,941,"8.4%",8123,865,"10.6%"
"118",2020-04-27,177079,21907,"12.4%",10402,991,"9.5%",7717,854,"11.1%"
"119",2020-04-26,166677,20916,"12.5%",3864,408,"10.6%",7065,835,"11.8%"
"120",2020-04-25,162813,20508,"12.6%",9266,960,"10.4%",6927,824,"11.9%"
"121",2020-04-24,153547,19548,"12.7%",8926,1094,"12.3%",6409,781,"12.2%"
"122",2020-04-23,144621,18454,"12.8%",6305,892,"14.1%",6130,725,"11.8%"
"123",2020-04-22,138316,17562,"12.7%",6852,772,"11.3%",6222,704,"11.3%"
"124",2020-04-21,131464,16790,"12.8%",8407,860,"10.2%",6276,710,"11.3%"
"125",2020-04-20,123057,15930,"12.9%",5835,861,"14.8%",5774,691,"12%"
"126",2020-04-19,117222,15069,"12.9%",2897,332,"11.5%",5390,653,"12.1%"
"127",2020-04-18,114325,14737,"12.9%",5640,654,"11.6%",5153,646,"12.5%"
"128",2020-04-17,108685,14083,"13%",6971,701,"10.1%",4828,614,"12.7%"
"129",2020-04-16,101714,13382,"13.2%",6953,747,"10.7%",4669,595,"12.7%"
"130",2020-04-15,94761,12635,"13.3%",7231,817,"11.3%",4479,568,"12.7%"
"131",2020-04-14,87530,11818,"13.5%",4889,723,"14.8%",4031,540,"13.4%"
"132",2020-04-13,82641,11095,"13.4%",3150,598,"19%",3828,527,"13.8%"
"133",2020-04-12,79491,10497,"13.2%",1239,280,"22.6%",3713,496,"13.4%"
"134",2020-04-11,78252,10217,"13.1%",3362,435,"12.9%",3759,508,"13.5%"
"135",2020-04-10,74890,9782,"13.1%",5859,567,"9.7%",3680,513,"13.9%"
"136",2020-04-09,69031,9215,"13.3%",5621,557,"9.9%",3519,508,"14.4%"
"137",2020-04-08,63410,8658,"13.7%",4098,623,"15.2%",3299,509,"15.4%"
"138",2020-04-07,59312,8035,"13.5%",3466,632,"18.2%",3302,499,"15.1%"
"139",2020-04-06,55846,7403,"13.3%",2343,379,"16.2%",3351,482,"14.4%"
"140",2020-04-05,53503,7024,"13.1%",1567,366,"23.4%",3505,493,"14.1%"
"141",2020-04-04,51936,6658,"12.8%",2808,467,"16.6%",3443,472,"13.7%"
"142",2020-04-03,49128,6191,"12.6%",4732,532,"11.2%",3423,460,"13.4%"
"143",2020-04-02,44396,5659,"12.7%",4081,561,"13.7%",3184,437,"13.7%"
"144",2020-04-01,40315,5098,"12.6%",4114,558,"13.6%",2976,407,"13.7%"
"145",2020-03-31,36201,4540,"12.5%",3809,508,"13.3%",2762,373,"13.5%"
"146",2020-03-30,32392,4032,"12.4%",3425,462,"13.5%",2568,347,"13.5%"
"147",2020-03-29,28967,3570,"12.3%",1133,219,"19.3%",2361,316,"13.4%"
"148",2020-03-28,27834,3351,"12%",2669,377,"14.1%",2308,303,"13.1%"
"149",2020-03-27,25165,2974,"11.8%",3055,376,"12.3%",2064,266,"12.9%"
"150",2020-03-26,22110,2598,"11.8%",2629,350,"13.3%",1885,240,"12.7%"
"151",2020-03-25,19481,2248,"11.5%",2617,318,"12.2%",1756,218,"12.4%"
"152",2020-03-24,16864,1930,"11.4%",2447,329,"13.4%",1616,196,"12.1%"
"153",2020-03-23,14417,1601,"11.1%",1980,241,"12.2%",1513,174,"11.5%"
"154",2020-03-22,12437,1360,"10.9%",759,131,"17.3%",1403,157,"11.2%"
"155",2020-03-21,11678,1229,"10.5%",959,116,"12.1%",1358,144,"10.6%"
"156",2020-03-20,10719,1113,"10.4%",1801,197,"10.9%",1296,135,"10.4%"
"157",2020-03-19,8918,916,"10.3%",1731,194,"11.2%",1145,119,"10.4%"
"158",2020-03-18,7187,722,"10%",1637,161,"9.8%",979,99,"10.1%"
"159",2020-03-17,5550,561,"10.1%",1724,176,"10.2%",774,78,"10.1%"
"160",2020-03-16,3826,385,"10.1%",1207,123,"10.2%",547,55,"10.1%"
"161",2020-03-15,2619,262,"10%",447,42,"9.4%",NA,NA,"NA%"
"162",2020-03-14,2172,220,"10.1%",523,54,"10.3%",NA,NA,"NA%"
"163",2020-03-13,1649,166,"10.1%",743,81,"10.9%",NA,NA,"NA%"
"164",2020-03-12,906,85,"9.4%",573,58,"10.1%",NA,NA,"NA%"
"165",2020-03-11,333,27,"8.1%",202,15,"7.4%",NA,NA,"NA%"
"166",2020-03-10,131,12,"9.2%",131,12,"9.2%",NA,NA,"NA%"
